OBJECTID,SHAPE_Length,shape_pt_lat,shape_pt_lon,shape_pt_sequence,shape_dist_traveled,shape_id
107,58.297382769568749,63.730527404574708,-148.893032509360520,1,58.297382769568699,RCWB_shp
108,58.297307834792370,63.730641026861022,-148.891878565614410,2,116.594690604361090,RCWB_shp
109,58.297305700208248,63.730732453586150,-148.890745090895250,3,174.891996304569290,RCWB_shp
110,58.297408848536350,63.731076310506154,-148.890911662282580,4,233.189405153105700,RCWB_shp
111,58.297327147856933,63.731530419379162,-148.891494644482440,5,291.486732300962610,RCWB_shp
112,58.297392788604938,63.731983759679771,-148.892080717901340,6,349.784125089567510,RCWB_shp
113,58.297301362966500,63.732443055989840,-148.892642195333620,7,408.081426452534000,RCWB_shp
114,58.297340942528535,63.732901730267493,-148.893206500031430,8,466.378767395062480,RCWB_shp
115,58.297367855370339,63.733358990161889,-148.893776766803740,9,524.676135250432820,RCWB_shp
116,58.297318689708234,63.733816214060546,-148.894347132576030,10,582.973453940140980,RCWB_shp
117,58.297383337922618,63.734273529262417,-148.894917168278620,11,641.270837278063600,RCWB_shp
118,58.297358950056690,63.734736092905251,-148.895463779569240,12,699.568196228120310,RCWB_shp
119,58.297284838342065,63.735167835289879,-148.896127416164750,13,757.865481066462390,RCWB_shp
120,58.297414494987983,63.735576033037496,-148.896861778408290,14,816.162895561450340,RCWB_shp
121,58.297359541462924,63.735946077551226,-148.897694584738730,15,874.460255102913270,RCWB_shp
122,58.297286360632761,63.736278808855580,-148.898603533864900,16,932.757541463546090,RCWB_shp
123,58.297338338159946,63.736587142237973,-148.899556989478160,17,991.054879801705970,RCWB_shp
124,58.297357838878781,63.736902218375107,-148.900483943350540,18,1049.352237640584700,RCWB_shp
125,58.297337688181031,63.737225015452879,-148.899835730808290,19,1107.649575328765600,RCWB_shp
126,58.297366533488685,63.737150930399281,-148.898694971384740,20,1165.946941862254300,RCWB_shp
127,58.297364006278428,63.736944003071685,-148.897687348333760,21,1224.244305868532800,RCWB_shp
128,58.297338096444392,63.737200880749228,-148.896928623228750,22,1282.541643964977300,RCWB_shp
129,58.297329058842934,63.737210324932541,-148.897884960397190,23,1340.838973023820200,RCWB_shp
130,58.297333288210154,63.737280349875043,-148.899054429941230,24,1399.136306312030500,RCWB_shp
131,58.297373447621432,63.737287933642449,-148.900209433928860,25,1457.433679759651800,RCWB_shp
132,58.297374287084722,63.736985223341122,-148.901127480892570,26,1515.731054046736500,RCWB_shp
133,58.297345985236809,63.737166480142903,-148.902235095547750,27,1574.028400031973400,RCWB_shp
134,58.297370627916962,63.737298556831369,-148.903378582787640,28,1632.325770659890400,RCWB_shp
135,58.297353957252156,63.737368693773696,-148.904549293243290,29,1690.623124617142600,RCWB_shp
136,58.297336692366073,63.737402144598050,-148.905728719139260,30,1748.920461309508700,RCWB_shp
137,58.297304886206845,63.737387592080978,-148.906910153160910,31,1807.217766195715500,RCWB_shp
138,58.297329844858311,63.737332064813380,-148.908086010468620,32,1865.515096040573800,RCWB_shp
139,58.297420303500950,63.737264878210880,-148.909258600851130,33,1923.812516344074800,RCWB_shp
140,58.297346743350161,63.737192814213046,-148.910429831461070,34,1982.109863087424900,RCWB_shp
141,58.297258209430943,63.737130053547666,-148.911603812794400,35,2040.407121296855800,RCWB_shp
142,58.297417474184655,63.737069961862233,-148.912778167719100,36,2098.704538771040500,RCWB_shp
143,58.297332436110558,63.736933385313563,-148.913915905499070,37,2157.001871207151000,RCWB_shp
144,58.297367235435146,63.736769945939479,-148.914985823405690,38,2215.299238442586100,RCWB_shp
145,58.297342899528005,63.736336035951318,-148.915542477477940,39,2273.596581342114000,RCWB_shp
146,58.297286815266446,63.735862392279735,-148.916033278155510,40,2331.893868157380400,RCWB_shp
147,58.297439552676231,63.735347068710709,-148.916182750528120,41,2390.191307710056700,RCWB_shp
148,58.297279338182520,63.734835588986385,-148.915967250424220,42,2448.488587048239000,RCWB_shp
149,58.297385089645928,63.734339989156233,-148.915598328892570,43,2506.785972137885000,RCWB_shp
150,58.297326006200151,63.733833540614867,-148.915641820039210,44,2565.083298144085300,RCWB_shp
151,58.297357554632683,63.733608032179298,-148.916635476601840,45,2623.380655698717900,RCWB_shp
152,58.297313461062828,63.733203657239777,-148.917364303413590,46,2681.677969159780800,RCWB_shp
153,58.297346111373400,63.733144501037735,-148.918265642386470,47,2739.975315271154200,RCWB_shp
154,58.297398577459639,63.732942993061620,-148.919321207340770,48,2798.272713848613900,RCWB_shp
155,58.297331152698696,63.732613981847017,-148.919162931874350,49,2856.570045001312800,RCWB_shp
156,58.297391723352447,63.732180463616004,-148.919337498626280,50,2914.867436724665400,RCWB_shp
157,58.297258864020897,63.731673994713773,-148.919576716694390,51,2973.164695588686300,RCWB_shp
158,58.297408127605195,63.731164768962273,-148.919340866820790,52,3031.462103716291500,RCWB_shp
159,58.297308663486959,63.730655767222409,-148.919100688392290,53,3089.759412379778500,RCWB_shp
160,58.297404723842241,63.730145634303724,-148.919309024327330,54,3148.056817103620700,RCWB_shp
161,58.297309217692209,63.729660392529780,-148.919744722424700,55,3206.354126321312800,RCWB_shp
162,58.297318957719675,63.729175150638234,-148.920180405946440,56,3264.651445279032500,RCWB_shp
163,58.297376932022260,63.728671189028894,-148.920464323778590,57,3322.948822211054900,RCWB_shp
164,58.297381365271320,63.728152287251440,-148.920589579470940,58,3381.246203576326000,RCWB_shp
165,58.297259336847517,63.727667574550999,-148.920988524302090,59,3439.543462913173700,RCWB_shp
166,58.297451414729217,63.727296902688806,-148.921806042831210,60,3497.840914327902700,RCWB_shp
167,58.297284194036962,63.727031434912263,-148.922823065070590,61,3556.138198521939600,RCWB_shp
168,58.297367494533113,63.726793680646409,-148.923874647996090,62,3614.435566016472900,RCWB_shp
169,58.297368551512875,63.726644778440289,-148.925003249245660,63,3672.732934567985900,RCWB_shp
170,58.297296360350515,63.726563103723528,-148.926170459793350,64,3731.030230928336600,RCWB_shp
171,58.297374381087252,63.726491819958213,-148.927341315640830,65,3789.327605309423700,RCWB_shp
172,58.297337104308468,63.726376670631964,-148.928492589255200,66,3847.624942413732200,RCWB_shp
173,58.297361352437804,63.726173750788440,-148.929580566577020,67,3905.922303766170000,RCWB_shp
174,58.297350833546396,63.725940816515525,-148.930638230923190,68,3964.219654599716300,RCWB_shp
175,58.297294090086545,63.725721392154448,-148.931710583548240,69,4022.516948689802600,RCWB_shp
176,58.297414343791004,63.725587066098861,-148.932851004626090,70,4080.814363033593500,RCWB_shp
177,58.297288502931465,63.725388358990884,-148.933940339429820,71,4139.111651536524700,RCWB_shp
178,58.297392929123291,63.725104876404423,-148.934931619686520,72,4197.409044465647600,RCWB_shp
179,58.297354729182629,63.724889935139636,-148.936005141929710,73,4255.706399194829800,RCWB_shp
180,58.297286596868524,63.724774116026765,-148.937151280206650,74,4314.003685791698400,RCWB_shp
181,58.297370292088544,63.724756124872208,-148.938332036152500,75,4372.301056083786500,RCWB_shp
182,58.297395791134356,63.724754845491404,-148.939514064358750,76,4430.598451874921000,RCWB_shp
183,58.297307563542006,63.724699859950100,-148.940687226918330,77,4488.895759438462800,RCWB_shp
184,58.297365506726159,63.724565909605971,-148.941827781270720,78,4547.193124945189100,RCWB_shp
185,58.297340888755194,63.724392185573286,-148.942942439847030,79,4605.490465833944700,RCWB_shp
186,58.297322901087355,63.724222793410590,-148.944060317104970,80,4663.787788735032300,RCWB_shp
187,58.297332269188772,63.724098177838933,-148.945207259363830,81,4722.085121004221000,RCWB_shp
188,58.297423907175819,63.723991720735341,-148.946364445612290,82,4780.382544911396500,RCWB_shp
189,58.297327573446537,63.723888201806332,-148.947522902163540,83,4838.679872484843100,RCWB_shp
190,58.297365051515328,63.723794637967863,-148.948685678487040,84,4896.977237536358200,RCWB_shp
191,58.297307037492395,63.723691395228336,-148.949844344873360,85,4955.274544573851000,RCWB_shp
192,58.297321099701996,63.723565299642786,-148.950989929823240,86,5013.571865673553500,RCWB_shp
193,58.297337028632185,63.723344965995963,-148.952060050233710,87,5071.869202702185200,RCWB_shp
194,58.297383679917878,63.723093414361848,-148.953095703670190,88,5130.166586382103600,RCWB_shp
195,58.297339983461328,63.722843758748560,-148.954133725835500,89,5188.463926365564500,RCWB_shp
196,58.297374596892212,63.722613891868555,-148.955146120465570,90,5246.761300962456500,RCWB_shp
197,58.297294730803060,63.722361443678516,-148.956132047619770,91,5305.058595693260000,RCWB_shp
198,58.297367451708446,63.722115420512146,-148.957168851881450,92,5363.355963144968900,RCWB_shp
199,58.297356668627351,63.722030737867925,-148.958317715700250,93,5421.653319813596700,RCWB_shp
200,58.297413493606605,63.722238733164687,-148.959382908262310,94,5479.950733307203300,RCWB_shp
201,58.297272772650985,63.722539040339235,-148.960349353159190,95,5538.248006079854300,RCWB_shp
202,58.297376818856009,63.722709155831012,-148.961400085879830,96,5596.545382898710200,RCWB_shp
203,58.297407577997582,63.722634579728442,-148.962559186172680,97,5654.842790476707700,RCWB_shp
204,58.297270740917249,63.722334434994181,-148.963514621444320,98,5713.140061217624900,RCWB_shp
205,58.297395103873242,63.721977320450243,-148.964375536628550,99,5771.437456321497800,RCWB_shp
206,58.297314845288071,63.721776665517815,-148.965440275874930,100,5829.734771166786200,RCWB_shp
207,65.406947397783739,63.721613795469963,-148.965925236586600,1,65.406947397783696,RCEB_shp
208,65.406859215457374,63.721789155175756,-148.964744907086870,2,130.813806613241100,RCEB_shp
209,65.406981159846509,63.722159133997636,-148.963722284514180,3,196.220787773087580,RCEB_shp
210,65.406975720418885,63.722531027799512,-148.962703146390200,4,261.627763493506450,RCEB_shp
211,65.406931251892757,63.722648027981684,-148.961425288682140,5,327.034694745399240,RCEB_shp
212,65.406905006811698,63.722428037975710,-148.960211460478920,6,392.441599752210950,RCEB_shp
213,65.406938357244101,63.722088234959692,-148.959132368937220,7,457.848538109455030,RCEB_shp
214,65.406898134134266,63.721965983787904,-148.957860112786960,8,523.255436243589320,RCEB_shp
215,65.406930991390098,63.722164142385047,-148.956626573563140,9,588.662367234979460,RCEB_shp
216,65.406885956497661,63.722412909354830,-148.955485290283090,10,654.069253191477170,RCEB_shp
217,65.406965969134845,63.722715930702094,-148.954357163765910,11,719.476219160612000,RCEB_shp
218,65.406889512526988,63.722997422335716,-148.953194271154960,12,784.883108673138960,RCEB_shp
219,65.406929410475684,63.723266030636282,-148.952016233569400,13,850.290038083614720,RCEB_shp
220,65.406951281845352,63.723522094856214,-148.950823564954420,14,915.696989365460130,RCEB_shp
221,65.406912914576338,63.723655174625954,-148.949533607266370,15,981.103902280036440,RCEB_shp
222,65.406984942783936,63.723770658726522,-148.948233479762370,16,1046.510887222820400,RCEB_shp
223,65.406903224870405,63.723875843008202,-148.946929003573190,17,1111.917790447690800,RCEB_shp
224,65.406883490401043,63.723995265527670,-148.945630748469630,18,1177.324673938091800,RCEB_shp
225,65.406983126094104,63.724119359568164,-148.944334689625750,19,1242.731657064185800,RCEB_shp
226,65.406882004970598,63.724302927868372,-148.943075727075980,20,1308.138539069156400,RCEB_shp
227,65.406985757795169,63.724498162485894,-148.941825396641290,21,1373.545524826951600,RCEB_shp
228,65.406920553400681,63.724648419232132,-148.940545781785060,22,1438.952445380352200,RCEB_shp
229,65.406876983162036,63.724690775631018,-148.939225313040710,23,1504.359322363514100,RCEB_shp
230,65.406947600712428,63.724698875871944,-148.937899269497450,24,1569.766269964226500,RCEB_shp
231,65.406937444300439,63.724744609364414,-148.936579184555200,25,1635.173207408526900,RCEB_shp
232,65.406880577494562,63.724939523392628,-148.935331001900860,26,1700.580087986021500,RCEB_shp
233,65.407004933630432,63.725237663621627,-148.934191815639820,27,1765.987092919651800,RCEB_shp
234,65.406869092592558,63.725497494412338,-148.933012459864390,28,1831.393962012244400,RCEB_shp
235,65.406944055587815,63.725654646599686,-148.931737147798170,29,1896.800906067832100,RCEB_shp
236,65.406946506072472,63.725894834015321,-148.930528036790290,30,1962.207852573904600,RCEB_shp
237,65.406915420654897,63.726155933353382,-148.929341456515230,31,2027.614767994559500,RCEB_shp
238,65.406900193322230,63.726360985740151,-148.928101979625100,32,2093.021668187881900,RCEB_shp
239,65.406928100032360,63.726462694499034,-148.926796859243130,33,2158.428596287914400,RCEB_shp
240,65.407008406961253,63.726541750948279,-148.925482780101900,34,2223.835604694875700,RCEB_shp
241,65.406895918300336,63.726677376796609,-148.924193872943140,35,2289.242500613176200,RCEB_shp
242,65.406919087312133,63.726915103221359,-148.922985446603550,36,2354.649419700488100,RCEB_shp
243,65.406906100587548,63.727210454604752,-148.921841221857310,37,2420.056325801075700,RCEB_shp
244,65.406968374274086,63.727611828214556,-148.920892009030550,38,2485.463294175349800,RCEB_shp
245,65.406914546569737,63.728154308230259,-148.920419239948700,39,2550.870208721919400,RCEB_shp
246,65.406916456075280,63.728737528964125,-148.920301302697600,40,2616.277125177994500,RCEB_shp
247,65.406987785575964,63.729295155901340,-148.919913733311740,41,2681.684112963570400,RCEB_shp
248,65.406833606382335,63.729839574958355,-148.919424908441270,42,2747.090946569952800,RCEB_shp
249,65.406974226055652,63.730394657277728,-148.919016244098690,43,2812.497920796008700,RCEB_shp
250,65.406972440771909,63.730973889346757,-148.919057815432180,44,2877.904893236780500,RCEB_shp
251,65.406882598037598,63.731538285082024,-148.919407522816560,45,2943.311775834818000,RCEB_shp
252,65.406959555093110,63.732113675179193,-148.919258888888210,46,3008.718735389911200,RCEB_shp
254,65.406970279343724,63.733012535813778,-148.917773856546400,48,3139.532569252163700,RCEB_shp
255,65.406938434364449,63.733077314624367,-148.918907556555810,49,3204.939507686528000,RCEB_shp
256,65.406873032766612,63.732690873053706,-148.919491102221260,50,3270.346380719294800,RCEB_shp
257,65.406967084823577,63.732628503507598,-148.918429529410560,51,3335.753347804118200,RCEB_shp
258,65.406960361457593,63.733024014821005,-148.917513977436700,52,3401.160308165575800,RCEB_shp
259,65.406873212631723,63.733491222922396,-148.916721865040390,53,3466.567181378207400,RCEB_shp
260,65.406973039250232,63.733447072135128,-148.915506245811090,54,3531.974154417457600,RCEB_shp
261,65.406920406047092,63.733164479630425,-148.914570902955630,55,3597.381074823504600,RCEB_shp
262,65.406915066836476,63.732596823918698,-148.914254894699180,56,3662.787989890341100,RCEB_shp
263,65.406904468553904,63.732057051529893,-148.914638090738630,57,3728.194894358895000,RCEB_shp
264,65.406981900497485,63.731520492087199,-148.915046184813550,58,3793.601876259392600,RCEB_shp
265,65.406936489153125,63.731395429644031,-148.914165148814850,59,3859.008812748545600,RCEB_shp
266,65.406915006313994,63.731977134241603,-148.914052690889150,60,3924.415727754859700,RCEB_shp
267,65.406897527602439,63.732561241604188,-148.914088954162760,61,3989.822625282462000,RCEB_shp
268,65.406945801426801,63.733130977327754,-148.914388810093160,62,4055.229571083888900,RCEB_shp
269,65.406880500980350,63.733619672331145,-148.915070474733450,63,4120.636451584869100,RCEB_shp
270,65.406974327849625,63.734172160293063,-148.915344871994510,64,4186.043425912718700,RCEB_shp
271,65.406895944115149,63.734729758517972,-148.915743441269630,65,4251.450321856833400,RCEB_shp
272,65.406944802405832,63.735300264786197,-148.916024633726150,66,4316.857266659239000,RCEB_shp
273,65.406907662238183,63.735878016880577,-148.915855052209880,67,4382.264174321477200,RCEB_shp
274,65.406984932614307,63.736398056933744,-148.915256932567870,68,4447.671159254091400,RCEB_shp
275,65.406941629746569,63.736765571480205,-148.914239123282750,69,4513.078100883838500,RCEB_shp
276,65.406891118980923,63.736965545081581,-148.912998043664290,70,4578.484992002819100,RCEB_shp
277,65.406896124414857,63.737044357971662,-148.911683378376270,71,4643.891888127233900,RCEB_shp
278,65.406929713919240,63.737119167237644,-148.910367473875000,72,4709.298817841153300,RCEB_shp
279,65.406948871039120,63.737199587350496,-148.909053279985870,73,4774.705766712192600,RCEB_shp
280,65.406909153336713,63.737280009107963,-148.907739068465500,74,4840.112675865529100,RCEB_shp
281,65.406933633863687,63.737323445057669,-148.906416772987850,75,4905.519609499392600,RCEB_shp
282,65.406916978513834,63.737308323440068,-148.905092799997310,76,4970.926526477906000,RCEB_shp
283,65.406987557882275,63.737221979810819,-148.903780612164640,77,5036.333514035788500,RCEB_shp
284,65.406931641726530,63.737070127175492,-148.902500121790350,78,5101.740445677514800,RCEB_shp
285,65.406903147201149,63.736868974634064,-148.901255746818260,79,5167.147348824715700,RCEB_shp
286,65.406949552090282,63.737121167889171,-148.900384293073240,80,5232.554298376806400,RCEB_shp
287,65.406931757615098,63.737174388307267,-148.899166904613570,81,5297.961230134421400,RCEB_shp
288,65.406895809681757,63.737038166902124,-148.897932899329280,82,5363.368125944102800,RCEB_shp
289,65.406921874949617,63.737117814992764,-148.896928528826980,83,5428.775047819051900,RCEB_shp
290,65.406956177376173,63.737209775382269,-148.897841009265360,84,5494.182003996427700,RCEB_shp
291,65.406889000807368,63.737287951518567,-148.899153189978160,85,5559.588892997235200,RCEB_shp
292,65.406913528621942,63.737230349457342,-148.900414602410220,86,5624.995806525857000,RCEB_shp
293,65.406928014492266,63.736791930528689,-148.900839474303950,87,5690.402734540349200,RCEB_shp
294,65.406988782703920,63.736512581877470,-148.899674698889270,88,5755.809723323052800,RCEB_shp
295,65.406884245173913,63.736178261905479,-148.898586431490940,89,5821.216607568227100,RCEB_shp
296,65.406899580372936,63.735791515493148,-148.897590926415770,90,5886.623507148599900,RCEB_shp
297,65.407023980457282,63.735371109686916,-148.896667705463870,91,5952.030531129056700,RCEB_shp
298,65.406843363619984,63.734886354703498,-148.895923703812710,92,6017.437374492677000,RCEB_shp
299,65.406940165122549,63.734388958972403,-148.895225441488860,93,6082.844314657799300,RCEB_shp
300,65.406961712149027,63.733872314366081,-148.894600747750220,94,6148.251276369947800,RCEB_shp
301,65.406913135631086,63.733444703080067,-148.894828652431930,95,6213.658189505578800,RCEB_shp
302,65.406875688623686,63.733098568371126,-148.895457235522460,96,6279.065065194202400,RCEB_shp
303,65.406994653781240,63.732651838848696,-148.894791815271470,97,6344.472059847983500,RCEB_shp
304,65.406882379465927,63.732253195668839,-148.894130548374020,98,6409.878942227449400,RCEB_shp
305,65.406978072067488,63.731674404026762,-148.894000376112330,99,6475.285920299516900,RCEB_shp
306,65.406911544484061,63.731113833299695,-148.893896180060550,100,6540.692831844001400,RCEB_shp
